0 0.783976833976834 0.14211340206185566 0.20868725868725874 0.27582474226804127
0 0.5721621621621622 0.17273195876288658 0.20660231660231657 0.2646907216494846
0 0.3363320463320464 0.19226804123711339 0.21706563706563717 0.30092783505154636
0 0.11822393822393824 0.2020103092783505 0.2295752895752896 0.28422680412371126
0 0.8800000000000001 0.379639175257732 0.23999999999999988 0.2967525773195876
0 0.677027027027027 0.40886597938144326 0.2389575289575289 0.30788659793814427
0 0.4422393822393822 0.41376288659793814 0.23270270270270263 0.3037113402061855
0 0.21162162162162163 0.4764432989690722 0.23270270270270263 0.30092783505154636
0 0.5653667953667953 0.6561855670103093 0.2285328185328185 0.3064948453608248
0 0.8079922779922779 0.6520103092783505 0.22332046332046343 0.2786082474226803
0 0.7052123552123553 0.8545360824742269 0.23270270270270285 0.29087628865979387
0 0.48034749034749036 0.8879896907216496 0.214980694980695 0.2240206185567009
0 0.34258687258687254 0.6805670103092784 0.22332046332046324 0.29953608247422686
0 0.2554440154440154 0.8852061855670103 0.21810810810810816 0.2295876288659795
0 0.07335907335907337 0.6829896907216495 0.14671814671814673 0.34536082474226804
0 0.9086872586872586 0.8601030927835053 0.18262548262548267 0.27974226804123703