0 0.5505818181818182 0.2648087431693989 0.20607272727272732 0.2914207650273224
0 0.7682909090909091 0.47218579234972674 0.2125818181818181 0.33628415300546444
0 0.7729454545454546 0.10300546448087433 0.19952727272727275 0.20595628415300546
0 0.8759999999999999 0.2024590163934426 0.15945454545454543 0.2508196721311476
0 0.8988363636363637 0.4910928961748634 0.16036363636363646 0.31524590163934424
0 0.5636363636363636 0.6102185792349726 0.20047272727272725 0.3124590163934426
0 0.3934909090909091 0.47918032786885245 0.17341818181818186 0.25781420765027324
0 0.3906909090909091 0.7930601092896175 0.18276363636363632 0.313879781420765
0 0.21443636363636362 0.42382513661202187 0.1976727272727273 0.2872131147540984
0 0.3244727272727273 0.10437158469945355 0.20698181818181816 0.20595628415300546
0 0.1626909090909091 0.24519125683060108 0.20232727272727272 0.2438251366120218
0 0.17807272727272727 0.8526229508196721 0.1864727272727273 0.273224043715847
0 0.7174909090909091 0.8986338797814207 0.2023272727272727 0.2027322404371586
0 0.9013818181818182 0.8021311475409836 0.19720000000000007 0.2872131147540984