0 0.21602316602316604 0.14211340206185566 0.20868725868725865 0.27582474226804127
0 0.42783783783783785 0.17273195876288658 0.20660231660231657 0.2646907216494846
0 0.6636679536679536 0.19226804123711339 0.21706563706563717 0.30092783505154636
0 0.8817760617760617 0.2020103092783505 0.2295752895752896 0.2842268041237113
0 0.12 0.379639175257732 0.24 0.2967525773195876
0 0.322972972972973 0.40886597938144326 0.23895752895752892 0.30788659793814427
0 0.5577606177606178 0.41376288659793814 0.23270270270270269 0.30371134020618556
0 0.7883783783783783 0.4764432989690722 0.23270270270270263 0.30092783505154636
0 0.4346332046332046 0.6561855670103093 0.2285328185328185 0.3064948453608248
0 0.192007722007722 0.6520103092783505 0.22332046332046337 0.2786082474226803
0 0.29478764478764474 0.8545360824742269 0.23270270270270274 0.29087628865979387
0 0.5196525096525096 0.8879896907216496 0.214980694980695 0.2240206185567009
0 0.6574131274131274 0.6805670103092784 0.22332046332046324 0.29953608247422686
0 0.7445559845559846 0.8852061855670103 0.21810810810810816 0.2295876288659795
0 0.9266409266409267 0.6829896907216495 0.14671814671814673 0.34536082474226804
0 0.09131274131274131 0.8601030927835053 0.18262548262548262 0.27974226804123703