0 0.13 0.1707920792079208 0.26 0.3316831683168317
0 0.36112 0.1553960396039604 0.22 0.308019801980198
0 0.46724 0.5535148514851486 0.23224 0.3121782178217822
0 0.75724 0.17396039603960398 0.2411199999999999 0.2626732673267327
0 0.75944 0.4310891089108911 0.27 0.3341584158415842
0 0.58112 0.7735148514851485 0.33331999999999995 0.30391089108910885
0 0.26 0.7577227722772277 0.31331999999999993 0.3520297029702971
0 0.11224 0.6428712871287129 0.22444000000000006 0.30663366336633663
0 0.26224000000000003 0.40980198019801983 0.25776 0.31351485148514846
0 0.87112 0.7714356435643565 0.25555999999999995 0.319009900990099
0 0.5633199999999999 0.2991089108910891 0.2333200000000001 0.25440594059405947